
power = 2689.46672364394
throughput = 10310.82
composite = 5265.98587953693
